19
NULL 0 Common 0
Joined 7 0,255,0,255,0,0,0,0,0,0 Latin 1 0 1 Joined	# Joined [4a 6f 69 6e 65 64 ]a
|Broken|0|1 f 0,255,0,255,0,0,0,0,0,0 Common 2 10 2 |Broken|0|1	# Broken
+ 0 0,255,0,255,0,0,0,0,0,0 Common 3 3 3 +	# + [2b ]
7 8 0,255,0,255,0,0,0,0,0,0 Common 4 2 4 7	# 7 [37 ]0
8 8 0,255,0,255,0,0,0,0,0,0 Common 5 2 5 8	# 8 [38 ]0
. 10 0,255,0,255,0,0,0,0,0,0 Common 6 6 6 .	# . [2e ]p
ﬁ 3 0,255,0,255,0,0,0,0,0,0 Latin 7 0 7 fi	# ﬁ [fb01 ]a
1 8 0,255,0,255,0,0,0,0,0,0 Common 8 2 8 1	# 1 [31 ]0
6 8 0,255,0,255,0,0,0,0,0,0 Common 9 2 9 6	# 6 [36 ]0
5 8 0,255,0,255,0,0,0,0,0,0 Common 10 2 10 5	# 5 [35 ]0
2 8 0,255,0,255,0,0,0,0,0,0 Common 11 2 11 2	# 2 [32 ]0
3 8 0,255,0,255,0,0,0,0,0,0 Common 12 2 12 3	# 3 [33 ]0
? 10 0,255,0,255,0,0,0,0,0,0 Common 13 10 13 ?	# ? [3f ]p
9 8 0,255,0,255,0,0,0,0,0,0 Common 14 2 14 9	# 9 [39 ]0
- 10 0,255,0,255,0,0,0,0,0,0 Common 15 3 15 -	# - [2d ]p
0 8 0,255,0,255,0,0,0,0,0,0 Common 16 2 16 0	# 0 [30 ]0
4 8 0,255,0,255,0,0,0,0,0,0 Common 17 2 17 4	# 4 [34 ]0
m 3 0,255,0,255,0,0,0,0,0,0 Latin 18 0 18 m	# m [6d ]a
